function [ A ] = A(alpha)

  A = [ alpha, 2 , 3 , 13;
           5    , 11, 10, 8 ;
           9    , 7 , 6 , 12;
           4    , 14, 15, 1 ];

end
